116.01.02	82	82	82	82
115.01.02	82	82	82	82
114.11.04	82	82	82	82
114.11.03	82	82	82	82
114.11.02	82	82	82	82
114.10.20	82	82	82	82
114.09.21	82	82	82	82
114.09.20	82	82	82	82
114.08.07	82	82	82	82
114.04.28	82	82	82	82
114.04.26	82	82	82	82
114.01.02	82	82	82	82
113.01.07	82	82	82	82
113.01.04	82	82	82	82
110.01.02	82	82	82	82
109.06.26	82	82	82	82
109.01.05	82	82	82	82
108.08.15	82	82	82	82
108.08.14	82	82	82	82
108.08.13	82	82	82	82
108.01.02	82	82	82	82
107.01.02	82	82	82	82
106.01.02	82	82	82	82
105.11.27	82	82	82	82
105.06.01	82	82	82	82
105.01.02	82	82	82	82
104.01.02	82	82	82	82
103.07.16	82	82	82	82
103.01.08	82	82	82	82
103.01.02	82	82	82	82
102.11.18	82	82	82	82
102.02.18	82	82	82	82
102.01.02	82	82	82	82
101.11.26	82	82	82	82
101.08.01	82	82	82	82
101.01.02	82	82	82	82
100.08.10	82	82	82	82
100.07.31	82	82	82	82
100.01.02	82	82	82	82
99.09.05	82	82	82	82
99.05.07	82	82	82	82
99.05.06	82	82	82	82
99.04.10	82	82	82	82
99.01.06	82	82	82	82
98.08.19	82	82	82	82
98.06.13	82	82	82	82
98.04.20	82	82	82	82
98.04.15	82	82	82	82
98.04.13	82	82	82	82
98.04.10	82	82	82	82
98.03.19	82	82	82	82
98.02.06	82	82	82	82
98.02.02	82	82	82	82
98.01.11	82	82	82	82
98.01.06	82	82	82	82
98.01.02	82	82	82	82
97.11.14	82	82	82	82
97.09.05	82	82	82	82
97.06.10	82	82	82	82
97.04.16	82	82	82	82
97.04.15	82	82	82	82
97.03.12	82	82	82	82
97.03.11	82	82	82	82
97.02.15	82	82	82	82
97.02.14	82	82	82	82
97.02.05	82	82	82	82
97.01.31	82	82	82	82
97.01.15	82	82	82	82
96.01.02	82	82	82	82
95.03.17	82	82	78	0
93.11.05	82	82	0	0
93.04.15	55	55	0	0
